////////////////20: 526.556,560.947,456.605,424.595,343.929,338.201,590.549,323.344,416.618,300.779,320.12,540.544,508.086,668.761,495.376,145.9,707.891,287.901,266.719,372.706

////////////////35:
80.96,139.676,153.014,120.097,105.938,185.274,74.993,141.703,85.676,53.794,79.551,107.322,135.553,165.696,100.877,82.758,105.602,160.042,74.654,108.313

////////////////50:
227.281,113.394,123.504,111.831,84.873,92.293,174.207,85.002,175.937,101.973,72.181,73.895,184.933,137.726,143.83,147.676,93.775,164.611,76.171,74.38,

////////////////75:
79.14,107.529,89.672,102.332,118.648,74.725,95.211,80.041,65.896,63.093,89.628,70.108,186.305,121.081,97.656,136.381,119.728,77.181,101.129,102.702,

///////////////100:
60.597,71.027,83.958,96.939,57.033,97.829,223.576,81.88,80.56,66.308,100.405,140.185,79.429,106.242,136.012,82.852,105.1,209.077,91.367,84.89,

///////////////125:
105.568,93.642,121.171,106.749,104.62,114.764,142.019,155.79,90.058,80.366,38.391,41.14,72.978,44.937,84.097,35.769,39.139,50.295,52.419,61.615

//////////////150: 
42.506,56.769,55.777,44.714,97.077,73.739,70.794,79.889,115.628,103.22, 105.568,93.642,121.171,106.749,104.62,114.764,142.019,155.79,90.058,80.366