

//need to edit 
{"currentRun":38,"test":{"runs":[0.5,0.5,0.5,0.5,0.5,0.5,0.5,0.5,0.5,0.5,1,1,1,1,1,1,1,1,1,1,1.5,1.5,1.5,1.5,1.5,1.5,1.5,1.5,1.5,1.5,2,2,2,2,2,2,2,2,2,2,3,3,3,3,3,3,3,3,3,3],
"outcomes":[54.637,112.657,138.647,174.946,79.355,86.697,59.258,71.37,97,67.524,

83.881,101.291,140.773,93.858,163.338,83.808,112.73,115.514,203.163,82.469,

[123.434,166.41,196.416,149.339,159.283,219.609,111.391,115.097,178.228,198.361]}}

142.191,154.44,183.777,169.579,141.689,144.104,211.664,143.337,234.123,199.646,

[179.958,169.705,439.077,276.217,253.17,566.144,336.166,116.575,211.071,236.499]}

