
Hexagon:-old code
{"currentRun":10,"test":{"runs":[100,100,100,100,100,100,100,100,100,100],"outcomes":[90.11,122.266,117.807,155.806,94.328,90.305,123.718,80.09,83.057,92.494]}}

Square
{"currentRun":10,"test":{"runs":[100,100,100,100,100,100,100,100,100,100],"outcomes":[270.547,131.131,290.865,188.28,99.628,170.493,222.561,164.781,168.944,266.253]}}

Circle:
{"currentRun":10,"test":{"runs":[100,100,100,100,100,100,100,100,100,100],"outcomes":[112.644,264.762,98.975,114.971,115.017,91.907,114.99,112.908,107.093,315.691]}}

ShortRect - 1 run time error because rect got cornered
{"currentRun":9,"test":{"runs":[100,100,100,100,100,100,100,100,100,100],"outcomes":[321.589,166.241,82.646,216.766,202.454,191.14,138.013,169.915,64.364,209.154]}}